FANN_FLO_2.1
num_layers=3
learning_rate=0.100000
connection_rate=1.000000
network_type=0
learning_momentum=0.000000
training_algorithm=2
train_error_function=1
train_stop_function=0
cascade_output_change_fraction=0.010000
quickprop_decay=-0.000100
quickprop_mu=1.750000
rprop_increase_factor=1.200000
rprop_decrease_factor=0.700000
rprop_delta_min=0.000000
rprop_delta_max=50.000000
rprop_delta_zero=0.200000
cascade_output_stagnation_epochs=12
cascade_candidate_change_fraction=0.010000
cascade_candidate_stagnation_epochs=12
cascade_max_out_epochs=150
cascade_min_out_epochs=1
cascade_max_cand_epochs=150
cascade_min_cand_epochs=150
cascade_num_candidate_groups=2
bit_fail_limit=5.00000000000000027756e-02
cascade_candidate_limit=1.00000000000000000000e+03
cascade_weight_multiplier=4.00000000000000022204e-01
cascade_activation_functions_count=10
cascade_activation_functions=3 5 7 8 10 11 14 15 16 17 
cascade_activation_steepnesses_count=4
cascade_activation_steepnesses=2.50000000000000000000e-01 5.00000000000000000000e-01 7.50000000000000000000e-01 1.00000000000000000000e+00 
layer_sizes=22 3 4 
scale_included=0
neurons (num_inputs, activation_function, activation_steepness)=(0, 0, 0.00000000000000000000e+00) (0, 0, 0.00000000000000000000e+00) (0, 0, 0.00000000000000000000e+00) (0, 0, 0.00000000000000000000e+00) (0, 0, 0.00000000000000000000e+00) (0, 0, 0.00000000000000000000e+00) (0, 0, 0.00000000000000000000e+00) (0, 0, 0.00000000000000000000e+00) (0, 0, 0.00000000000000000000e+00) (0, 0, 0.00000000000000000000e+00) (0, 0, 0.00000000000000000000e+00) (0, 0, 0.00000000000000000000e+00) (0, 0, 0.00000000000000000000e+00) (0, 0, 0.00000000000000000000e+00) (0, 0, 0.00000000000000000000e+00) (0, 0, 0.00000000000000000000e+00) (0, 0, 0.00000000000000000000e+00) (0, 0, 0.00000000000000000000e+00) (0, 0, 0.00000000000000000000e+00) (0, 0, 0.00000000000000000000e+00) (0, 0, 0.00000000000000000000e+00) (0, 0, 0.00000000000000000000e+00) (22, 3, 5.00000000000000000000e-01) (22, 3, 5.00000000000000000000e-01) (0, 3, 5.00000000000000000000e-01) (3, 3, 5.00000000000000000000e-01) (3, 3, 5.00000000000000000000e-01) (3, 3, 5.00000000000000000000e-01) (0, 3, 5.00000000000000000000e-01) 
connections (connected_to_neuron, weight)=(0, 7.99984392340235328511e-01) (1, 1.74707955596243469376e-01) (2, 1.06799317946736337603e+02) (3, 2.23522602863761910008e-01) (4, 2.05614908194207268721e+00) (5, 2.79757954353402650549e-02) (6, 1.50000000000000000000e+03) (7, 1.37860451067150250992e+02) (8, 8.23606162003951980388e-01) (9, 2.96991923405611236986e-02) (10, -6.83975107494960710142e-02) (11, 6.38752730275366165102e-01) (12, 1.50000000000000000000e+03) (13, 3.80061646815572917735e-02) (14, 1.50000000000000000000e+03) (15, -1.75878896355211006286e-01) (16, -9.75829912872486374908e+02) (17, 5.00051379424686928132e+01) (18, 4.32414115544131139046e+00) (19, 1.62497015133196764936e+00) (20, 7.64928629731733611408e+00) (21, 2.48080844699696401179e+00) (0, 2.02505770630294165358e+02) (1, -1.40402979833615262351e+01) (2, -1.50000000000000000000e+03) (3, 1.50000000000000000000e+03) (4, 4.48596673543515862548e+02) (5, -8.54528609851772924522e-01) (6, -3.39287429884405753455e+01) (7, -1.50000000000000000000e+03) (8, -2.40018858444430520649e+01) (9, 1.23081569325907089762e+01) (10, 8.79983667315231699035e+00) (11, 1.50000000000000000000e+03) (12, 1.46987473224705045283e+01) (13, 1.50000000000000000000e+03) (14, -1.40467798470951561285e+03) (15, 1.50000000000000000000e+03) (16, -1.50000000000000000000e+03) (17, 1.50000000000000000000e+03) (18, 1.50000000000000000000e+03) (19, -6.53411771054070868558e+02) (20, 1.50000000000000000000e+03) (21, -2.40830140404751347205e+02) (22, -6.66485930765633227679e+00) (23, -4.08612340568995069390e+00) (24, 1.41256280093466735082e+00) (22, -9.47865027037014229450e+00) (23, 4.92247472367501615054e+00) (24, -2.04983017796162680924e+00) (22, 1.06302650461830126005e+01) (23, -8.90290222110240447861e-01) (24, -2.49701247267460990642e+00) 
