FANN_FLO_2.1
num_layers=3
learning_rate=0.700000
connection_rate=1.000000
network_type=0
learning_momentum=0.000000
training_algorithm=2
train_error_function=1
train_stop_function=0
cascade_output_change_fraction=0.010000
quickprop_decay=-0.000100
quickprop_mu=1.750000
rprop_increase_factor=1.200000
rprop_decrease_factor=0.500000
rprop_delta_min=0.000000
rprop_delta_max=50.000000
rprop_delta_zero=0.100000
cascade_output_stagnation_epochs=12
cascade_candidate_change_fraction=0.010000
cascade_candidate_stagnation_epochs=12
cascade_max_out_epochs=150
cascade_max_cand_epochs=150
cascade_num_candidate_groups=2
bit_fail_limit=3.49999999999999977796e-01
cascade_candidate_limit=1.00000000000000000000e+03
cascade_weight_multiplier=4.00000000000000022204e-01
cascade_activation_functions_count=10
cascade_activation_functions=3 5 7 8 10 11 14 15 16 17 
cascade_activation_steepnesses_count=4
cascade_activation_steepnesses=2.50000000000000000000e-01 5.00000000000000000000e-01 7.50000000000000000000e-01 1.00000000000000000000e+00 
layer_sizes=3 5 2 
scale_included=0
neurons (num_inputs, activation_function, activation_steepness)=(0, 0, 0.00000000000000000000e+00) (0, 0, 0.00000000000000000000e+00) (0, 0, 0.00000000000000000000e+00) (3, 4, 5.00000000000000000000e-01) (3, 4, 5.00000000000000000000e-01) (3, 4, 5.00000000000000000000e-01) (3, 4, 5.00000000000000000000e-01) (0, 0, 0.00000000000000000000e+00) (5, 6, 5.00000000000000000000e-01) (0, 6, 0.00000000000000000000e+00) 
connections (connected_to_neuron, weight)=(0, -7.38898504264591338142e+00) (1, 2.48389952706357908241e+00) (2, -7.85279167039293124475e+00) (0, -7.41760240484104738101e+00) (1, 2.48476608919164609901e+00) (2, -8.07562960434977838986e+00) (0, -3.28231027040975575915e+00) (1, -1.55797741894079044833e+00) (2, -2.29806617814982105941e+00) (0, -7.70321816751620325192e+00) (1, -4.72057987600187516364e+02) (2, -1.25801597174157553383e+01) (3, 9.92731977298876522298e+00) (4, 9.93376609727761028523e+00) (5, -1.26034279787284493324e+01) (6, 1.04209795283252404374e+01) (7, -5.04455102396986276858e+00) 
